0 0.00241327
1 0.00321341
2 0.00345087
3 0.00393677
4 0.00497341
5 0.00633335
6 0.00782156
7 0.00933409
8 0.0105767
9 0.0117002
10 0.0128574
11 0.013896
12 0.0148592
13 0.0159116
14 0.0169973
15 0.0180321
16 0.0189905
17 0.0199003
18 0.0208087
19 0.0217676
20 0.0227203
21 0.0235667
22 0.0243554
23 0.0250449
24 0.0256233
25 0.0262327
26 0.0268731
27 0.027566
28 0.0283365
29 0.0292144
30 0.0301023
31 0.0309215
32 0.0316553
33 0.0322862
34 0.0328212
35 0.0333338
36 0.0338335
37 0.0342951
38 0.0347357
39 0.0351233
40 0.0354671
41 0.0358305
42 0.0362973
43 0.0368276
44 0.0374002
45 0.0380096
46 0.0386643
47 0.0393462
48 0.0400081
49 0.0406294
50 0.0412469
51 0.0418816
52 0.0425177
53 0.0431519
54 0.0438223
55 0.0444903
56 0.0451708
57 0.0458713
58 0.0465789
59 0.0472937
60 0.048028
61 0.0487914
62 0.0495768
63 0.0503497
64 0.0511131
65 0.0518608
66 0.0525913
67 0.0532932
68 0.0539618
69 0.0545688
70 0.0551128
71 0.0556264
72 0.0560789
73 0.0564923
74 0.0568986
75 0.057282
76 0.0576463
77 0.0579886
78 0.0583444
79 0.0587468
80 0.0591888
81 0.0596642
82 0.0601387
83 0.060617
84 0.0611143
85 0.0616117
86 0.0621171
87 0.0626268
88 0.0631266
89 0.0635939
90 0.0640526
91 0.0645227
92 0.0650034
93 0.0655041
94 0.06603
95 0.0665731
96 0.0670924
97 0.0676117
98 0.0681601
99 0.068716
100 0.0692701
101 0.0698242
102 0.0703778
103 0.0709505
104 0.0715508
105 0.0721631
106 0.0727773
107 0.0733757
108 0.0739746
109 0.0745664
110 0.075161
111 0.075757
112 0.0763454
113 0.0769334
114 0.0775256
115 0.0781269
116 0.0787477
117 0.0793719
118 0.079988
119 0.0805926
120 0.0811849
121 0.0817575
122 0.0823174
123 0.0828671
124 0.0834031
125 0.0839462
126 0.0845046
127 0.0850701
128 0.0856466
129 0.0862365
130 0.086833
131 0.0874414
132 0.0880594
133 0.0886812
134 0.0892935
135 0.0899167
136 0.0905709
137 0.0912528
138 0.0919571
139 0.0926752
140 0.093399
141 0.0941362
142 0.0948935
143 0.0956678
144 0.0964551
145 0.0972199
146 0.0980082
147 0.098815
148 0.0996561
149 0.100497
150 0.101325
151 0.102137
152 0.102938
153 0.103724
154 0.104495
155 0.105255
156 0.106003
157 0.106748
158 0.107492
159 0.108237
160 0.108976
161 0.109714
162 0.110442
163 0.111155
164 0.111862
165 0.112568
166 0.113253
167 0.11395
168 0.114659
169 0.115386
170 0.116125
171 0.11687
172 0.117601
173 0.118322
174 0.119046
175 0.119791
176 0.120545
177 0.12132
178 0.122128
179 0.122939
180 0.123764
181 0.124601
182 0.125451
183 0.126312
184 0.127181
185 0.128049
186 0.12892
187 0.129801
188 0.130698
189 0.13161
190 0.132536
191 0.133476
192 0.134424
193 0.135375
194 0.13633
195 0.137285
196 0.138239
197 0.139193
198 0.140149
199 0.141102
200 0.142032
201 0.142965
202 0.143907
203 0.144852
204 0.1458
205 0.146756
206 0.147722
207 0.148697
208 0.14968
209 0.150664
210 0.151649
211 0.152635
212 0.153629
213 0.154637
214 0.155656
215 0.156682
216 0.157713
217 0.158751
218 0.159801
219 0.160863
220 0.16194
221 0.163026
222 0.164119
223 0.165212
224 0.166299
225 0.167382
226 0.168466
227 0.169554
228 0.170625
229 0.171638
230 0.172651
231 0.173656
232 0.174658
233 0.175658
234 0.176651
235 0.177638
236 0.178623
237 0.179612
238 0.180609
239 0.181612
240 0.182619
241 0.183628
242 0.184641
243 0.185659
244 0.186679
245 0.187692
246 0.1887
247 0.189704
248 0.1907
249 0.19168
250 0.192649
251 0.193613
252 0.194569
253 0.195522
254 0.196477
255 0.197429
256 0.19838
257 0.199335
258 0.200294
259 0.201248
260 0.202201
261 0.20316
262 0.204119
263 0.205079
264 0.206038
265 0.206995
266 0.207946
267 0.208891
268 0.209831
269 0.210769
270 0.211703
271 0.212631
272 0.21355
273 0.214461
274 0.215371
275 0.216282
276 0.2172
277 0.218129
278 0.219069
279 0.220021
280 0.220984
281 0.221963
282 0.222964
283 0.223987
284 0.225032
285 0.226099
286 0.227187
287 0.228299
288 0.229434
289 0.23059
290 0.231761
291 0.23294
292 0.234128
293 0.235323
294 0.236527
295 0.237738
296 0.238953
297 0.240169
298 0.241395
299 0.242637
300 0.24389
301 0.245155
302 0.246428
303 0.247717
304 0.249018
305 0.250329
306 0.251644
307 0.25296
308 0.254275
309 0.25559
310 0.256903
311 0.258216
312 0.259519
313 0.260804
314 0.262103
315 0.263414
316 0.264738
317 0.266075
318 0.267425
319 0.268787
320 0.270163
321 0.271547
322 0.272936
323 0.274332
324 0.275736
325 0.277153
326 0.278579
327 0.280012
328 0.281451
329 0.282893
330 0.284333
331 0.285768
332 0.287196
333 0.288617
334 0.29003
335 0.291438
336 0.292839
337 0.294233
338 0.295621
339 0.297006
340 0.298395
341 0.299786
342 0.301177
343 0.302569
344 0.303965
345 0.305359
346 0.306749
347 0.308134
348 0.309511
349 0.310881
350 0.312243
351 0.313601
352 0.314955
353 0.316306
354 0.317654
355 0.319003
356 0.320356
357 0.321714
358 0.323076
359 0.324443
360 0.325819
361 0.327201
362 0.328591
363 0.329984
364 0.331381
365 0.332782
366 0.334184
367 0.335586
368 0.336988
369 0.338392
370 0.339797
371 0.341203
372 0.342607
373 0.344004
374 0.34539
375 0.346767
376 0.348135
377 0.349495
378 0.350849
379 0.352191
380 0.353525
381 0.35485
382 0.35617
383 0.357487
384 0.358803
385 0.360117
386 0.361431
387 0.362738
388 0.364038
389 0.365331
390 0.366611
391 0.367879
392 0.36914
393 0.370391
394 0.371633
395 0.372867
396 0.374094
397 0.375319
398 0.376544
399 0.37777
400 0.379001
401 0.380235
402 0.381473
403 0.382714
404 0.383959
405 0.385205
406 0.386437
407 0.38768
408 0.388931
409 0.390188
410 0.391449
411 0.392714
412 0.393981
413 0.39525
414 0.396518
415 0.397787
416 0.399055
417 0.400328
418 0.401602
419 0.402876
420 0.404154
421 0.405431
422 0.406706
423 0.407979
424 0.409247
425 0.410511
426 0.411765
427 0.413008
428 0.414242
429 0.415466
430 0.416676
431 0.417871
432 0.419054
433 0.420219
434 0.421369
435 0.422504
436 0.423627
437 0.424736
438 0.425832
439 0.426914
440 0.42798
441 0.429037
442 0.430088
443 0.431133
444 0.432171
445 0.433201
446 0.434223
447 0.435238
448 0.436243
449 0.437237
450 0.438219
451 0.439188
452 0.440142
453 0.441086
454 0.442022
455 0.442947
456 0.443861
457 0.444761
458 0.44565
459 0.446527
460 0.447397
461 0.448259
462 0.449114
463 0.449965
464 0.450812
465 0.451655
466 0.452494
467 0.45333
468 0.454161
469 0.454988
470 0.455809
471 0.456622
472 0.45743
473 0.458213
474 0.45893
475 0.459647
476 0.460364
477 0.461082
478 0.461799
479 0.462516
480 0.463233
481 0.46395
482 0.464667
483 0.465385
484 0.466105
485 0.466826
486 0.467547
487 0.468268
488 0.468989
489 0.46971
490 0.470431
491 0.471152
492 0.471875
493 0.472602
494 0.47333
495 0.47406
496 0.474791
497 0.475523
498 0.47626
499 0.477
